Posit: 1.82826
Float: 17.8865
-------------WRT ORIG-------------------------
Posit: 0.368528
Float: 15.1247
