Posit: 1.28476
Float: 8.63886
-------------WRT ORIG-------------------------
Posit: 0.762092
Float: 8.35392
