Posit: 0.273261
Float: 8.6299
-------------WRT ORIG-------------------------
Posit: 0.554288
Float: 8.40811
