Posit: 1.81475
Float: 17.3994
-------------WRT ORIG-------------------------
Posit: 0.888277
Float: 15.0047
