Posit: 0.291875
Float: 17.2943
-------------WRT ORIG-------------------------
Posit: 0.559272
Float: 15.6504
