Posit: 1.76195
Float: 15.6278
-------------WRT ORIG-------------------------
Posit: 0.557796
Float: 14.0748
