Posit: 0.823845
Float: 15.3132
-------------WRT ORIG-------------------------
Posit: 0.525529
Float: 13.6936
