Posit: 0.768664
Float: 15.6752
-------------WRT ORIG-------------------------
Posit: 0.768902
Float: 15.6752
