Posit: -0.688873
Float: 17.9625
-------------WRT ORIG-------------------------
Posit: -0.702018
Float: 17.9517
