Posit: -0.716747
Float: 17.3994
-------------WRT ORIG-------------------------
Posit: -0.983397
Float: 15.0047
