Posit: 0.290139
Float: 17.8865
-------------WRT ORIG-------------------------
Posit: -0.36827
Float: 15.1247
