Posit: 0.768061
Float: 15.6278
-------------WRT ORIG-------------------------
Posit: 0.253508
Float: 14.0748
