Posit: -0.718539
Float: 17.8865
-------------WRT ORIG-------------------------
Posit: -1.18051
Float: 15.1247
