Posit: 0.290429
Float: 17.901
-------------WRT ORIG-------------------------
Posit: -0.386362
Float: 15.0658
