Posit: 1.84559
Float: 17.3994
-------------WRT ORIG-------------------------
Posit: 0.955286
Float: 15.0047
