Posit: 0.282172
Float: 17.9625
-------------WRT ORIG-------------------------
Posit: 0.264497
Float: 17.9517
