Posit: -0.689933
Float: 17.9587
-------------WRT ORIG-------------------------
Posit: -0.689412
Float: 17.959
