Posit: 0.769627
Float: 15.6193
-------------WRT ORIG-------------------------
Posit: 0.271785
Float: 14.1012
