Posit: 0.294866
Float: 17.3994
-------------WRT ORIG-------------------------
Posit: -0.0967004
Float: 15.0047
