Posit: 0.282673
Float: 17.9587
-------------WRT ORIG-------------------------
Posit: 0.283359
Float: 17.959
