Posit: -0.690064
Float: 17.2943
-------------WRT ORIG-------------------------
Posit: -0.492769
Float: 15.6504
