Posit: 0.76736
Float: 15.6764
-------------WRT ORIG-------------------------
Posit: 0.747187
Float: 15.6661
